1 123
10000 123
100000 123
1000000 123
1001000 123
1002000 123
1003000 123
1004000 123
1005000 123
1006000 123
1007000 123
1008000 123
1009000 123
101000 123
1010000 123
1011000 123
1012000 123
1013000 123
1014000 123
1015000 123
1016000 123
1017000 123
1018000 123
1019000 123
102000 123
1020000 123
1021000 123
1022000 123
1023000 123
1024000 123
1025000 123
1026000 123
1027000 123
1028000 123
1029000 123
103000 123
1030000 123
1031000 123
1032000 123
1033000 123
1034000 123
1035000 123
1036000 123
1037000 123
1038000 123
1039000 123
104000 123
1040000 123
1041000 123
1042000 123
1043000 123
1044000 123
1045000 123
1046000 123
1047000 123
1048000 123
1049000 123
105000 123
1050000 123
1051000 123
1052000 123
1053000 123
1054000 123
1055000 123
1056000 123
1057000 123
1058000 123
1059000 123
106000 123
1060000 123
1061000 123
1062000 123
1063000 123
1064000 123
1065000 123
1066000 123
1067000 123
1068000 123
1069000 123
107000 123
1070000 123
1071000 123
1072000 123
1073000 123
1074000 123
1075000 123
1076000 123
1077000 123
1078000 123
1079000 123
108000 123
1080000 123
1081000 123
1082000 123
1083000 123
1084000 123
1085000 123
1086000 123
1087000 123
1088000 123
1089000 123
109000 123
1090000 123
1091000 123
1092000 123
1093000 123
1094000 123
1095000 123
1096000 123
1097000 123
1098000 123
1099000 123
11000 123
110000 123
1100000 123
1101000 123
1102000 123
1103000 123
1104000 123
1105000 123
1106000 123
1107000 123
1108000 123
1109000 123
111000 123
1110000 123
1111000 123
1112000 123
1113000 123
1114000 123
1115000 123
1116000 123
1117000 123
1118000 123
1119000 123
112000 123
1120000 123
1121000 123
1122000 123
1123000 123
1124000 123
1125000 123
1126000 123
1127000 123
1128000 123
1129000 123
113000 123
1130000 123
1131000 123
1132000 123
1133000 123
1134000 123
1135000 123
1136000 123
1137000 123
1138000 123
1139000 123
114000 123
1140000 123
1141000 123
1142000 123
1143000 123
1144000 123
1145000 123
1146000 123
1147000 123
1148000 123
1149000 123
115000 123
1150000 123
1151000 123
1152000 123
1153000 123
1154000 123
1155000 123
1156000 123
1157000 123
1158000 123
1159000 123
116000 123
1160000 123
1161000 123
1162000 123
1163000 123
1164000 123
1165000 123
1166000 123
1167000 123
1168000 123
1169000 123
117000 123
1170000 123
1171000 123
1172000 123
1173000 123
1174000 123
1175000 123
1176000 123
1177000 123
1178000 123
1179000 123
118000 123
1180000 123
1181000 123
1182000 123
1183000 123
1184000 123
1185000 123
1186000 123
1187000 123
1188000 123
1189000 123
119000 123
1190000 123
1191000 123
1192000 123
1193000 123
1194000 123
1195000 123
1196000 123
1197000 123
1198000 123
1199000 123
120 Mahmoud
12000 123
120000 123
1200000 123
1201000 123
1202000 123
1203000 123
1204000 123
1205000 123
1206000 123
1207000 123
1208000 123
1209000 123
121000 123
1210000 123
1211000 123
1212000 123
1213000 123
1214000 123
1215000 123
1216000 123
1217000 123
1218000 123
1219000 123
122000 123
1220000 123
1221000 123
1222000 123
1223000 123
1224000 123
1225000 123
1226000 123
1227000 123
1228000 123
1229000 123
123 12234
123000 123
1230000 123
1231000 123
1232000 123
1233000 123
1234000 123
1235000 123
1236000 123
1237000 123
1238000 123
1239000 123
124000 123
1240000 123
1241000 123
1242000 123
1243000 123
1244000 123
1245000 123
1246000 123
1247000 123
1248000 123
1249000 123
125000 123
1250000 123
1251000 123
1252000 123
1253000 123
1254000 123
1255000 123
1256000 123
1257000 123
1258000 123
1259000 123
126000 123
1260000 123
1261000 123
1262000 123
1263000 123
1264000 123
1265000 123
1266000 123
1267000 123
1268000 123
1269000 123
127000 123
1270000 123
1271000 123
1272000 123
1273000 123
1274000 123
1275000 123
1276000 123
1277000 123
1278000 123
1279000 123
128000 123
1280000 123
1281000 123
1282000 123
1283000 123
1284000 123
1285000 123
1286000 123
1287000 123
1288000 123
1289000 123
129000 123
1290000 123
1291000 123
1292000 123
1293000 123
1294000 123
1295000 123
1296000 123
1297000 123
1298000 123
1299000 123
13000 123
130000 123
1300000 123
1301000 123
1302000 123
1303000 123
1304000 123
1305000 123
1306000 123
1307000 123
1308000 123
1309000 123
131000 123
1310000 123
1311000 123
1312000 123
1313000 123
1314000 123
1315000 123
1316000 123
1317000 123
1318000 123
1319000 123
132000 123
1320000 123
1321000 123
1322000 123
1323000 123
1324000 123
1325000 123
1326000 123
1327000 123
1328000 123
1329000 123
133000 123
1330000 123
1331000 123
1332000 123
1333000 123
1334000 123
1335000 123
1336000 123
1337000 123
1338000 123
1339000 123
134000 123
1340000 123
1341000 123
1342000 123
1343000 123
1344000 123
1345000 123
1346000 123
1347000 123
1348000 123
1349000 123
135000 123
1350000 123
1351000 123
1352000 123
1353000 123
1354000 123
1355000 123
1356000 123
1357000 123
1358000 123
1359000 123
136000 123
1360000 123
1361000 123
1362000 123
1363000 123
1364000 123
1365000 123
1366000 123
1367000 123
1368000 123
1369000 123
137000 123
1370000 123
1371000 123
1372000 123
1373000 123
1374000 123
1375000 123
1376000 123
1377000 123
1378000 123
1379000 123
138000 123
1380000 123
1381000 123
1382000 123
1383000 123
1384000 123
1385000 123
1386000 123
1387000 123
1388000 123
1389000 123
139000 123
1390000 123
1391000 123
1392000 123
1393000 123
1394000 123
1395000 123
1396000 123
1397000 123
1398000 123
1399000 123
14000 123
140000 123
1400000 123
1401000 123
1402000 123
1403000 123
1404000 123
1405000 123
1406000 123
1407000 123
1408000 123
1409000 123
141000 123
1410000 123
1411000 123
1412000 123
1413000 123
1414000 123
1415000 123
1416000 123
1417000 123
1418000 123
1419000 123
142000 123
1420000 123
1421000 123
1422000 123
1423000 123
1424000 123
1425000 123
1426000 123
1427000 123
1428000 123
1429000 123
143000 123
1430000 123
1431000 123
1432000 123
1433000 123
1434000 123
1435000 123
1436000 123
1437000 123
1438000 123
1439000 123
144000 123
1440000 123
1441000 123
1442000 123
1443000 123
1444000 123
1445000 123
1446000 123
1447000 123
1448000 123
1449000 123
145000 123
1450000 123
1451000 123
1452000 123
1453000 123
1454000 123
1455000 123
1456000 123
1457000 123
1458000 123
1459000 123
146000 123
1460000 123
1461000 123
1462000 123
1463000 123
1464000 123
1465000 123
1466000 123
1467000 123
1468000 123
1469000 123
147000 123
1470000 123
1471000 123
1472000 123
1473000 123
1474000 123
1475000 123
1476000 123
1477000 123
1478000 123
1479000 123
148000 123
1480000 123
1481000 123
1482000 123
1483000 123
1484000 123
1485000 123
1486000 123
1487000 123
1488000 123
1489000 123
149000 123
1490000 123
1491000 123
1492000 123
1493000 123
1494000 123
1495000 123
1496000 123
1497000 123
1498000 123
1499000 123
15000 123
150000 123
1500000 123
1501000 123
1502000 123
1503000 123
1504000 123
1505000 123
1506000 123
1507000 123
1508000 123
1509000 123
151000 123
1510000 123
1511000 123
1512000 123
1513000 123
1514000 123
1515000 123
1516000 123
1517000 123
1518000 123
1519000 123
152000 123
1520000 123
1521000 123
1522000 123
1523000 123
1524000 123
1525000 123
1526000 123
1527000 123
1528000 123
1529000 123
153000 123
1530000 123
1531000 123
1532000 123
1533000 123
1534000 123
1535000 123
1536000 123
1537000 123
1538000 123
1539000 123
154000 123
1540000 123
1541000 123
1542000 123
1543000 123
1544000 123
1545000 123
1546000 123
1547000 123
1548000 123
1549000 123
155000 123
1550000 123
1551000 123
1552000 123
1553000 123
1554000 123
1555000 123
1556000 123
1557000 123
1558000 123
1559000 123
156000 123
1560000 123
1561000 123
1562000 123
1563000 123
1564000 123
1565000 123
1566000 123
1567000 123
1568000 123
1569000 123
157000 123
1570000 123
1571000 123
1572000 123
1573000 123
1574000 123
1575000 123
1576000 123
1577000 123
1578000 123
1579000 123
158000 123
1580000 123
1581000 123
1582000 123
1583000 123
1584000 123
1585000 123
1586000 123
1587000 123
1588000 123
1589000 123
159000 123
1590000 123
1591000 123
1592000 123
1593000 123
1594000 123
1595000 123
1596000 123
1597000 123
1598000 123
1599000 123
16000 123
160000 123
1600000 123
1601000 123
1602000 123
1603000 123
1604000 123
1605000 123
1606000 123
1607000 123
1608000 123
1609000 123
161000 123
1610000 123
1611000 123
1612000 123
1613000 123
1614000 123
1615000 123
1616000 123
1617000 123
1618000 123
1619000 123
162000 123
1620000 123
1621000 123
1622000 123
1623000 123
1624000 123
1625000 123
1626000 123
1627000 123
1628000 123
1629000 123
163000 123
1630000 123
1631000 123
1632000 123
1633000 123
1634000 123
1635000 123
1636000 123
1637000 123
1638000 123
1639000 123
164000 123
1640000 123
1641000 123
1642000 123
1643000 123
1644000 123
1645000 123
1646000 123
1647000 123
1648000 123
1649000 123
165000 123
1650000 123
1651000 123
1652000 123
1653000 123
1654000 123
1655000 123
1656000 123
1657000 123
1658000 123
1659000 123
166000 123
1660000 123
1661000 123
1662000 123
1663000 123
1664000 123
1665000 123
1666000 123
1667000 123
1668000 123
1669000 123
167000 123
1670000 123
1671000 123
1672000 123
1673000 123
1674000 123
1675000 123
1676000 123
1677000 123
1678000 123
1679000 123
168000 123
1680000 123
1681000 123
1682000 123
1683000 123
1684000 123
1685000 123
1686000 123
1687000 123
1688000 123
1689000 123
169000 123
1690000 123
1691000 123
1692000 123
1693000 123
1694000 123
1695000 123
1696000 123
1697000 123
1698000 123
1699000 123
17000 123
170000 123
1700000 123
1701000 123
1702000 123
1703000 123
1704000 123
1705000 123
1706000 123
1707000 123
1708000 123
1709000 123
171000 123
1710000 123
1711000 123
1712000 123
1713000 123
1714000 123
1715000 123
1716000 123
1717000 123
1718000 123
1719000 123
172000 123
1720000 123
1721000 123
1722000 123
1723000 123
1724000 123
1725000 123
1726000 123
1727000 123
1728000 123
1729000 123
173000 123
1730000 123
1731000 123
1732000 123
1733000 123
1734000 123
1735000 123
1736000 123
1737000 123
1738000 123
1739000 123
174000 123
1740000 123
1741000 123
1742000 123
1743000 123
1744000 123
1745000 123
1746000 123
1747000 123
1748000 123
1749000 123
175000 123
1750000 123
1751000 123
1752000 123
1753000 123
1754000 123
1755000 123
1756000 123
1757000 123
1758000 123
1759000 123
176000 123
1760000 123
1761000 123
1762000 123
1763000 123
1764000 123
1765000 123
1766000 123
1767000 123
1768000 123
1769000 123
177000 123
1770000 123
1771000 123
1772000 123
1773000 123
1774000 123
1775000 123
1776000 123
1777000 123
1778000 123
1779000 123
178000 123
1780000 123
1781000 123
1782000 123
1783000 123
1784000 123
1785000 123
1786000 123
1787000 123
1788000 123
1789000 123
179000 123
1790000 123
1791000 123
1792000 123
1793000 123
1794000 123
1795000 123
1796000 123
1797000 123
1798000 123
1799000 123
18000 123
180000 123
1800000 123
1801000 123
1802000 123
1803000 123
1804000 123
1805000 123
1806000 123
1807000 123
1808000 123
1809000 123
181000 123
1810000 123
1811000 123
1812000 123
1813000 123
1814000 123
1815000 123
1816000 123
1817000 123
1818000 123
1819000 123
182000 123
1820000 123
1821000 123
1822000 123
1823000 123
1824000 123
1825000 123
1826000 123
1827000 123
1828000 123
1829000 123
183000 123
1830000 123
1831000 123
1832000 123
1833000 123
1834000 123
1835000 123
1836000 123
1837000 123
1838000 123
1839000 123
184000 123
1840000 123
1841000 123
1842000 123
1843000 123
1844000 123
1845000 123
1846000 123
1847000 123
1848000 123
1849000 123
185000 123
1850000 123
1851000 123
1852000 123
1853000 123
1854000 123
1855000 123
1856000 123
1857000 123
1858000 123
1859000 123
186000 123
1860000 123
1861000 123
1862000 123
1863000 123
1864000 123
1865000 123
1866000 123
1867000 123
1868000 123
1869000 123
187000 123
1870000 123
1871000 123
1872000 123
1873000 123
1874000 123
1875000 123
1876000 123
1877000 123
1878000 123
1879000 123
188000 123
1880000 123
1881000 123
1882000 123
1883000 123
1884000 123
1885000 123
1886000 123
1887000 123
1888000 123
1889000 123
189000 123
1890000 123
1891000 123
1892000 123
1893000 123
1894000 123
1895000 123
1896000 123
1897000 123
1898000 123
1899000 123
19000 123
190000 123
1900000 123
1901000 123
1902000 123
1903000 123
1904000 123
1905000 123
1906000 123
1907000 123
1908000 123
1909000 123
191000 123
1910000 123
1911000 123
1912000 123
1913000 123
1914000 123
1915000 123
1916000 123
1917000 123
1918000 123
1919000 123
192000 123
1920000 123
1921000 123
1922000 123
1923000 123
1924000 123
1925000 123
1926000 123
1927000 123
1928000 123
1929000 123
193000 123
1930000 123
1931000 123
1932000 123
1933000 123
1934000 123
1935000 123
1936000 123
1937000 123
1938000 123
1939000 123
194000 123
1940000 123
1941000 123
1942000 123
1943000 123
1944000 123
1945000 123
1946000 123
1947000 123
1948000 123
1949000 123
195000 123
1950000 123
1951000 123
1952000 123
1953000 123
1954000 123
1955000 123
1956000 123
1957000 123
1958000 123
1959000 123
196000 123
1960000 123
1961000 123
1962000 123
1963000 123
1964000 123
1965000 123
1966000 123
1967000 123
1968000 123
1969000 123
197000 123
1970000 123
1971000 123
1972000 123
1973000 123
1974000 123
1975000 123
1976000 123
1977000 123
1978000 123
1979000 123
198000 123
1980000 123
1981000 123
1982000 123
1983000 123
1984000 123
1985000 123
1986000 123
1987000 123
1988000 123
1989000 123
199000 123
1990000 123
1991000 123
1992000 123
1993000 123
1994000 123
1995000 123
1996000 123
1997000 123
1998000 123
1999000 123
20000 123
200000 123
2000000 123
2001000 123
2002000 123
2003000 123
2004000 123
2005000 123
2006000 123
2007000 123
2008000 123
2009000 123
201000 123
2010000 123
2011000 123
2012000 123
2013000 123
2014000 123
2015000 123
2016000 123
2017000 123
2018000 123
2019000 123
202000 123
2020000 123
2021000 123
2022000 123
2023000 123
2024000 123
2025000 123
2026000 123
2027000 123
2028000 123
2029000 123
203000 123
2030000 123
2031000 123
2032000 123
2033000 123
2034000 123
2035000 123
2036000 123
2037000 123
2038000 123
2039000 123
204000 123
2040000 123
2041000 123
2042000 123
2043000 123
2044000 123
2045000 123
2046000 123
2047000 123
2048000 123
2049000 123
205000 123
2050000 123
2051000 123
2052000 123
2053000 123
2054000 123
2055000 123
2056000 123
2057000 123
2058000 123
2059000 123
206000 123
2060000 123
2061000 123
2062000 123
2063000 123
2064000 123
2065000 123
2066000 123
2067000 123
2068000 123
2069000 123
207000 123
2070000 123
2071000 123
2072000 123
2073000 123
2074000 123
2075000 123
2076000 123
2077000 123
2078000 123
2079000 123
208000 123
2080000 123
2081000 123
2082000 123
2083000 123
2084000 123
2085000 123
2086000 123
2087000 123
2088000 123
2089000 123
209000 123
2090000 123
2091000 123
2092000 123
2093000 123
2094000 123
2095000 123
2096000 123
2097000 123
2098000 123
2099000 123
21000 123
210000 123
2100000 123
2101000 123
2102000 123
2103000 123
2104000 123
2105000 123
2106000 123
2107000 123
2108000 123
2109000 123
211000 123
2110000 123
2111000 123
2112000 123
2113000 123
2114000 123
2115000 123
2116000 123
2117000 123
2118000 123
2119000 123
212000 123
2120000 123
2121000 123
2122000 123
2123000 123
2124000 123
2125000 123
2126000 123
2127000 123
2128000 123
2129000 123
213000 123
2130000 123
2131000 123
2132000 123
2133000 123
2134000 123
2135000 123
2136000 123
2137000 123
2138000 123
2139000 123
214000 123
2140000 123
2141000 123
2142000 123
2143000 123
2144000 123
2145000 123
2146000 123
2147000 123
2148000 123
2149000 123
215000 123
2150000 123
2151000 123
2152000 123
2153000 123
2154000 123
2155000 123
2156000 123
2157000 123
2158000 123
2159000 123
216000 123
2160000 123
2161000 123
2162000 123
2163000 123
2164000 123
2165000 123
2166000 123
2167000 123
2168000 123
2169000 123
217000 123
2170000 123
2171000 123
2172000 123
2173000 123
2174000 123
2175000 123
2176000 123
2177000 123
2178000 123
2179000 123
218000 123
2180000 123
2181000 123
2182000 123
2183000 123
2184000 123
2185000 123
2186000 123
2187000 123
2188000 123
2189000 123
219000 123
2190000 123
2191000 123
2192000 123
2193000 123
2194000 123
2195000 123
2196000 123
2197000 123
2198000 123
2199000 123
22000 123
220000 123
2200000 123
2201000 123
2202000 123
2203000 123
2204000 123
2205000 123
2206000 123
2207000 123
2208000 123
2209000 123
221000 123
2210000 123
2211000 123
2212000 123
2213000 123
2214000 123
2215000 123
2216000 123
2217000 123
2218000 123
2219000 123
222000 123
2220000 123
2221000 123
2222000 123
2223000 123
2224000 123
2225000 123
2226000 123
2227000 123
2228000 123
2229000 123
223000 123
2230000 123
2231000 123
2232000 123
2233000 123
2234000 123
2235000 123
2236000 123
2237000 123
2238000 123
2239000 123
224000 123
2240000 123
2241000 123
2242000 123
2243000 123
2244000 123
2245000 123
2246000 123
2247000 123
2248000 123
2249000 123
225000 123
2250000 123
2251000 123
2252000 123
2253000 123
2254000 123
2255000 123
2256000 123
2257000 123
2258000 123
2259000 123
226000 123
2260000 123
2261000 123
2262000 123
2263000 123
2264000 123
2265000 123
2266000 123
2267000 123
2268000 123
2269000 123
227000 123
2270000 123
2271000 123
2272000 123
2273000 123
2274000 123
2275000 123
2276000 123
2277000 123
2278000 123
2279000 123
228000 123
2280000 123
2281000 123
2282000 123
2283000 123
2284000 123
2285000 123
2286000 123
2287000 123
2288000 123
2289000 123
229000 123
2290000 123
2291000 123
2292000 123
2293000 123
2294000 123
2295000 123
2296000 123
2297000 123
2298000 123
2299000 123
23000 123
230000 123
2300000 123
2301000 123
2302000 123
2303000 123
2304000 123
2305000 123
2306000 123
2307000 123
2308000 123
2309000 123
231000 123
2310000 123
2311000 123
2312000 123
2313000 123
2314000 123
2315000 123
2316000 123
2317000 123
2318000 123
2319000 123
232000 123
2320000 123
2321000 123
2322000 123
2323000 123
2324000 123
2325000 123
2326000 123
2327000 123
2328000 123
2329000 123
233000 123
2330000 123
2331000 123
2332000 123
2333000 123
2334000 123
2335000 123
2336000 123
2337000 123
2338000 123
2339000 123
234000 123
2340000 123
2341000 123
2342000 123
2343000 123
2344000 123
2345000 123
2346000 123
2347000 123
2348000 123
2349000 123
235000 123
2350000 123
2351000 123
2352000 123
2353000 123
2354000 123
2355000 123
2356000 123
2357000 123
2358000 123
2359000 123
236000 123
2360000 123
2361000 123
2362000 123
2363000 123
2364000 123
2365000 123
2366000 123
2367000 123
2368000 123
2369000 123
237000 123
2370000 123
2371000 123
2372000 123
2373000 123
2374000 123
2375000 123
2376000 123
2377000 123
2378000 123
2379000 123
238000 123
2380000 123
2381000 123
2382000 123
2383000 123
2384000 123
2385000 123
2386000 123
2387000 123
2388000 123
2389000 123
239000 123
2390000 123
2391000 123
2392000 123
2393000 123
2394000 123
2395000 123
2396000 123
2397000 123
2398000 123
2399000 123
24000 123
240000 123
2400000 123
2401000 123
2402000 123
2403000 123
2404000 123
2405000 123
2406000 123
2407000 123
2408000 123
2409000 123
241000 123
2410000 123
2411000 123
2412000 123
2413000 123
2414000 123
2415000 123
2416000 123
2417000 123
2418000 123
2419000 123
242000 123
2420000 123
2421000 123
2422000 123
2423000 123
2424000 123
2425000 123
2426000 123
2427000 123
2428000 123
2429000 123
243000 123
2430000 123
2431000 123
2432000 123
2433000 123
2434000 123
2435000 123
2436000 123
2437000 123
2438000 123
2439000 123
244000 123
2440000 123
2441000 123
2442000 123
2443000 123
2444000 123
2445000 123
2446000 123
2447000 123
2448000 123
2449000 123
245000 123
2450000 123
2451000 123
2452000 123
2453000 123
2454000 123
2455000 123
2456000 123
2457000 123
2458000 123
2459000 123
246000 123
2460000 123
2461000 123
2462000 123
2463000 123
2464000 123
2465000 123
2466000 123
2467000 123
2468000 123
2469000 123
247000 123
2470000 123
2471000 123
2472000 123
2473000 123
2474000 123
2475000 123
2476000 123
2477000 123
2478000 123
2479000 123
248000 123
2480000 123
2481000 123
2482000 123
2483000 123
2484000 123
2485000 123
2486000 123
2487000 123
2488000 123
2489000 123
249000 123
2490000 123
2491000 123
2492000 123
2493000 123
2494000 123
2495000 123
2496000 123
2497000 123
2498000 123
2499000 123
25000 123
250000 123
2500000 123
2501000 123
2502000 123
2503000 123
2504000 123
2505000 123
2506000 123
2507000 123
2508000 123
2509000 123
251000 123
2510000 123
2511000 123
2512000 123
2513000 123
2514000 123
2515000 123
2516000 123
2517000 123
2518000 123
2519000 123
252000 123
2520000 123
2521000 123
2522000 123
2523000 123
2524000 123
2525000 123
2526000 123
2527000 123
2528000 123
2529000 123
253000 123
2530000 123
2531000 123
2532000 123
2533000 123
2534000 123
2535000 123
2536000 123
2537000 123
2538000 123
2539000 123
254000 123
2540000 123
2541000 123
2542000 123
2543000 123
2544000 123
2545000 123
2546000 123
2547000 123
2548000 123
2549000 123
255000 123
2550000 123
2551000 123
2552000 123
2553000 123
2554000 123
2555000 123
2556000 123
2557000 123
2558000 123
2559000 123
256000 123
2560000 123
2561000 123
2562000 123
2563000 123
2564000 123
2565000 123
2566000 123
2567000 123
2568000 123
2569000 123
257000 123
2570000 123
2571000 123
2572000 123
2573000 123
2574000 123
2575000 123
2576000 123
2577000 123
2578000 123
2579000 123
258000 123
2580000 123
2581000 123
2582000 123
2583000 123
2584000 123
2585000 123
2586000 123
2587000 123
2588000 123
2589000 123
259000 123
2590000 123
2591000 123
2592000 123
2593000 123
2594000 123
2595000 123
2596000 123
2597000 123
2598000 123
2599000 123
26000 123
260000 123
2600000 123
2601000 123
2602000 123
2603000 123
2604000 123
2605000 123
2606000 123
2607000 123
2608000 123
2609000 123
261000 123
2610000 123
2611000 123
2612000 123
2613000 123
2614000 123
2615000 123
2616000 123
2617000 123
2618000 123
2619000 123
262000 123
2620000 123
2621000 123
2622000 123
2623000 123
2624000 123
2625000 123
2626000 123
2627000 123
2628000 123
2629000 123
263000 123
2630000 123
2631000 123
2632000 123
2633000 123
2634000 123
2635000 123
2636000 123
2637000 123
2638000 123
2639000 123
264000 123
2640000 123
2641000 123
2642000 123
2643000 123
2644000 123
2645000 123
2646000 123
2647000 123
2648000 123
2649000 123
265000 123
2650000 123
2651000 123
2652000 123
2653000 123
2654000 123
2655000 123
2656000 123
2657000 123
2658000 123
2659000 123
266000 123
2660000 123
2661000 123
2662000 123
2663000 123
2664000 123
2665000 123
2666000 123
2667000 123
2668000 123
2669000 123
267000 123
2670000 123
2671000 123
2672000 123
2673000 123
2674000 123
2675000 123
2676000 123
2677000 123
2678000 123
2679000 123
268000 123
2680000 123
2681000 123
2682000 123
2683000 123
2684000 123
2685000 123
2686000 123
2687000 123
2688000 123
2689000 123
269000 123
2690000 123
2691000 123
2692000 123
2693000 123
2694000 123
2695000 123
2696000 123
2697000 123
2698000 123
2699000 123
27000 123
270000 123
2700000 123
2701000 123
2702000 123
2703000 123
2704000 123
2705000 123
2706000 123
2707000 123
2708000 123
2709000 123
271000 123
2710000 123
2711000 123
2712000 123
2713000 123
2714000 123
2715000 123
2716000 123
2717000 123
2718000 123
2719000 123
272000 123
2720000 123
2721000 123
2722000 123
2723000 123
2724000 123
2725000 123
2726000 123
2727000 123
2728000 123
2729000 123
273000 123
2730000 123
2731000 123
2732000 123
2733000 123
2734000 123
2735000 123
2736000 123
2737000 123
2738000 123
2739000 123
274000 123
2740000 123
2741000 123
2742000 123
2743000 123
2744000 123
2745000 123
2746000 123
2747000 123
2748000 123
2749000 123
275000 123
2750000 123
2751000 123
2752000 123
2753000 123
2754000 123
2755000 123
2756000 123
2757000 123
2758000 123
2759000 123
276000 123
2760000 123
2761000 123
2762000 123
2763000 123
2764000 123
2765000 123
2766000 123
2767000 123
2768000 123
2769000 123
277000 123
2770000 123
2771000 123
2772000 123
2773000 123
2774000 123
2775000 123
2776000 123
2777000 123
2778000 123
2779000 123
278000 123
2780000 123
2781000 123
2782000 123
2783000 123
2784000 123
2785000 123
2786000 123
2787000 123
2788000 123
2789000 123
279000 123
2790000 123
2791000 123
2792000 123
2793000 123
2794000 123
2795000 123
2796000 123
2797000 123
2798000 123
2799000 123
28000 123
280000 123
2800000 123
2801000 123
2802000 123
2803000 123
2804000 123
2805000 123
2806000 123
2807000 123
2808000 123
2809000 123
281000 123
2810000 123
2811000 123
2812000 123
2813000 123
2814000 123
2815000 123
2816000 123
2817000 123
2818000 123
2819000 123
282000 123
2820000 123
2821000 123
2822000 123
2823000 123
2824000 123
2825000 123
2826000 123
2827000 123
2828000 123
2829000 123
283000 123
2830000 123
2831000 123
2832000 123
2833000 123
2834000 123
2835000 123
2836000 123
2837000 123
2838000 123
2839000 123
284000 123
2840000 123
2841000 123
2842000 123
2843000 123
2844000 123
2845000 123
2846000 123
2847000 123
2848000 123
2849000 123
285000 123
2850000 123
2851000 123
2852000 123
2853000 123
2854000 123
2855000 123
2856000 123
2857000 123
2858000 123
2859000 123
286000 123
2860000 123
2861000 123
2862000 123
2863000 123
2864000 123
2865000 123
2866000 123
2867000 123
2868000 123
2869000 123
287000 123
2870000 123
2871000 123
2872000 123
2873000 123
2874000 123
2875000 123
2876000 123
2877000 123
2878000 123
2879000 123
288000 123
2880000 123
2881000 123
2882000 123
2883000 123
2884000 123
2885000 123
2886000 123
2887000 123
2888000 123
2889000 123
289000 123
2890000 123
2891000 123
2892000 123
2893000 123
2894000 123
2895000 123
2896000 123
2897000 123
2898000 123
2899000 123
29000 123
290000 123
2900000 123
2901000 123
2902000 123
2903000 123
2904000 123
2905000 123
2906000 123
2907000 123
2908000 123
2909000 123
291000 123
2910000 123
2911000 123
2912000 123
2913000 123
2914000 123
2915000 123
2916000 123
2917000 123
2918000 123
2919000 123
292000 123
2920000 123
2921000 123
2922000 123
2923000 123
2924000 123
2925000 123
2926000 123
2927000 123
2928000 123
2929000 123
293000 123
2930000 123
2931000 123
2932000 123
2933000 123
2934000 123
2935000 123
2936000 123
2937000 123
2938000 123
2939000 123
294000 123
2940000 123
2941000 123
2942000 123
2943000 123
2944000 123
2945000 123
2946000 123
2947000 123
2948000 123
2949000 123
295000 123
2950000 123
2951000 123
2952000 123
2953000 123
2954000 123
2955000 123
2956000 123
2957000 123
2958000 123
2959000 123
296000 123
2960000 123
2961000 123
2962000 123
2963000 123
2964000 123
2965000 123
2966000 123
2967000 123
2968000 123
2969000 123
297000 123
2970000 123
2971000 123
2972000 123
2973000 123
2974000 123
2975000 123
2976000 123
2977000 123
2978000 123
2979000 123
298000 123
2980000 123
2981000 123
2982000 123
2983000 123
2984000 123
2985000 123
2986000 123
2987000 123
2988000 123
2989000 123
299000 123
2990000 123
2991000 123
2992000 123
2993000 123
2994000 123
2995000 123
2996000 123
2997000 123
2998000 123
2999000 123
30000 123
300000 123
3000000 123
3001000 123
3002000 123
3003000 123
3004000 123
3005000 123
3006000 123
3007000 123
3008000 123
3009000 123
301000 123
3010000 123
3011000 123
3012000 123
3013000 123
3014000 123
3015000 123
3016000 123
3017000 123
3018000 123
3019000 123
302000 123
3020000 123
3021000 123
3022000 123
3023000 123
3024000 123
3025000 123
3026000 123
3027000 123
3028000 123
3029000 123
303000 123
3030000 123
3031000 123
3032000 123
3033000 123
3034000 123
3035000 123
3036000 123
3037000 123
3038000 123
3039000 123
304000 123
3040000 123
3041000 123
3042000 123
3043000 123
3044000 123
3045000 123
3046000 123
3047000 123
3048000 123
3049000 123
305000 123
3050000 123
3051000 123
3052000 123
3053000 123
3054000 123
3055000 123
3056000 123
3057000 123
3058000 123
3059000 123
306000 123
3060000 123
3061000 123
3062000 123
3063000 123
3064000 123
3065000 123
3066000 123
3067000 123
3068000 123
3069000 123
307000 123
3070000 123
3071000 123
3072000 123
3073000 123
3074000 123
3075000 123
3076000 123
3077000 123
3078000 123
3079000 123
308000 123
3080000 123
3081000 123
3082000 123
3083000 123
3084000 123
3085000 123
3086000 123
3087000 123
3088000 123
3089000 123
309000 123
3090000 123
3091000 123
3092000 123
3093000 123
3094000 123
3095000 123
3096000 123
3097000 123
3098000 123
3099000 123
31000 123
310000 123
3100000 123
3101000 123
3102000 123
3103000 123
3104000 123
3105000 123
3106000 123
3107000 123
3108000 123
3109000 123
311000 123
3110000 123
3111000 123
3112000 123
3113000 123
3114000 123
3115000 123
3116000 123
3117000 123
3118000 123
3119000 123
312000 123
3120000 123
3121000 123
3122000 123
3123000 123
3124000 123
3125000 123
3126000 123
3127000 123
3128000 123
3129000 123
313000 123
3130000 123
3131000 123
3132000 123
3133000 123
3134000 123
3135000 123
3136000 123
3137000 123
3138000 123
3139000 123
314000 123
3140000 123
3141000 123
3142000 123
3143000 123
3144000 123
3145000 123
3146000 123
3147000 123
3148000 123
3149000 123
315000 123
3150000 123
3151000 123
3152000 123
3153000 123
3154000 123
3155000 123
3156000 123
3157000 123
3158000 123
3159000 123
316000 123
3160000 123
3161000 123
3162000 123
3163000 123
3164000 123
3165000 123
3166000 123
3167000 123
3168000 123
3169000 123
317000 123
3170000 123
3171000 123
3172000 123
3173000 123
3174000 123
3175000 123
3176000 123
3177000 123
3178000 123
3179000 123
318000 123
3180000 123
3181000 123
3182000 123
3183000 123
3184000 123
3185000 123
3186000 123
3187000 123
3188000 123
3189000 123
319000 123
3190000 123
3191000 123
3192000 123
3193000 123
3194000 123
3195000 123
3196000 123
3197000 123
3198000 123
3199000 123
32000 123
320000 123
3200000 123
3201000 123
3202000 123
3203000 123
3204000 123
3205000 123
3206000 123
3207000 123
3208000 123
3209000 123
321000 123
3210000 123
3211000 123
3212000 123
3213000 123
3214000 123
3215000 123
3216000 123
3217000 123
3218000 123
3219000 123
322000 123
3220000 123
3221000 123
3222000 123
3223000 123
3224000 123
3225000 123
3226000 123
3227000 123
3228000 123
3229000 123
323000 123
3230000 123
3231000 123
3232000 123
3233000 123
3234000 123
3235000 123
3236000 123
3237000 123
3238000 123
3239000 123
324000 123
3240000 123
3241000 123
3242000 123
3243000 123
3244000 123
3245000 123
3246000 123
3247000 123
3248000 123
3249000 123
325000 123
3250000 123
3251000 123
3252000 123
3253000 123
3254000 123
3255000 123
3256000 123
3257000 123
3258000 123
3259000 123
326000 123
3260000 123
3261000 123
3262000 123
3263000 123
3264000 123
3265000 123
3266000 123
3267000 123
3268000 123
3269000 123
327000 123
3270000 123
3271000 123
3272000 123
3273000 123
3274000 123
3275000 123
3276000 123
3277000 123
3278000 123
3279000 123
328000 123
3280000 123
3281000 123
3282000 123
3283000 123
3284000 123
3285000 123
3286000 123
3287000 123
3288000 123
3289000 123
329000 123
3290000 123
3291000 123
3292000 123
3293000 123
3294000 123
3295000 123
3296000 123
3297000 123
3298000 123
3299000 123
33000 123
330000 123
3300000 123
3301000 123
3302000 123
3303000 123
3304000 123
3305000 123
3306000 123
3307000 123
3308000 123
3309000 123
331000 123
3310000 123
3311000 123
3312000 123
3313000 123
3314000 123
3315000 123
3316000 123
3317000 123
3318000 123
3319000 123
332000 123
3320000 123
3321000 123
3322000 123
3323000 123
3324000 123
3325000 123
3326000 123
3327000 123
3328000 123
3329000 123
333000 123
3330000 123
3331000 123
3332000 123
3333000 123
3334000 123
3335000 123
3336000 123
3337000 123
3338000 123
3339000 123
334000 123
3340000 123
3341000 123
3342000 123
3343000 123
3344000 123
3345000 123
3346000 123
3347000 123
3348000 123
3349000 123
335000 123
3350000 123
3351000 123
3352000 123
3353000 123
3354000 123
3355000 123
3356000 123
3357000 123
3358000 123
3359000 123
336000 123
3360000 123
3361000 123
3362000 123
3363000 123
3364000 123
3365000 123
3366000 123
3367000 123
3368000 123
3369000 123
337000 123
3370000 123
3371000 123
3372000 123
3373000 123
3374000 123
3375000 123
3376000 123
3377000 123
3378000 123
3379000 123
338000 123
3380000 123
3381000 123
3382000 123
3383000 123
3384000 123
3385000 123
3386000 123
3387000 123
3388000 123
3389000 123
339000 123
3390000 123
3391000 123
3392000 123
3393000 123
3394000 123
3395000 123
3396000 123
3397000 123
3398000 123
3399000 123
34000 123
340000 123
3400000 123
3401000 123
3402000 123
3403000 123
3404000 123
3405000 123
3406000 123
3407000 123
3408000 123
3409000 123
341000 123
3410000 123
3411000 123
3412000 123
3413000 123
3414000 123
3415000 123
3416000 123
3417000 123
3418000 123
3419000 123
342000 123
3420000 123
3421000 123
3422000 123
3423000 123
3424000 123
3425000 123
3426000 123
3427000 123
3428000 123
3429000 123
343000 123
3430000 123
3431000 123
3432000 123
3433000 123
3434000 123
3435000 123
3436000 123
3437000 123
3438000 123
3439000 123
344000 123
3440000 123
3441000 123
3442000 123
3443000 123
3444000 123
3445000 123
3446000 123
3447000 123
3448000 123
3449000 123
345000 123
3450000 123
3451000 123
3452000 123
3453000 123
3454000 123
3455000 123
3456000 123
3457000 123
3458000 123
3459000 123
346000 123
3460000 123
3461000 123
3462000 123
3463000 123
3464000 123
3465000 123
3466000 123
3467000 123
3468000 123
3469000 123
347000 123
3470000 123
3471000 123
3472000 123
3473000 123
3474000 123
3475000 123
3476000 123
3477000 123
3478000 123
3479000 123
348000 123
3480000 123
3481000 123
3482000 123
3483000 123
3484000 123
3485000 123
3486000 123
3487000 123
3488000 123
3489000 123
349000 123
3490000 123
3491000 123
3492000 123
3493000 123
3494000 123
3495000 123
3496000 123
3497000 123
3498000 123
3499000 123
35000 123
350000 123
3500000 123
3501000 123
3502000 123
3503000 123
3504000 123
3505000 123
3506000 123
3507000 123
3508000 123
3509000 123
351000 123
3510000 123
3511000 123
3512000 123
3513000 123
3514000 123
3515000 123
3516000 123
3517000 123
3518000 123
3519000 123
352000 123
3520000 123
3521000 123
3522000 123
3523000 123
3524000 123
3525000 123
3526000 123
3527000 123
3528000 123
3529000 123
353000 123
3530000 123
3531000 123
3532000 123
3533000 123
3534000 123
3535000 123
3536000 123
3537000 123
3538000 123
3539000 123
354000 123
3540000 123
3541000 123
3542000 123
3543000 123
3544000 123
3545000 123
3546000 123
3547000 123
3548000 123
3549000 123
355000 123
3550000 123
3551000 123
3552000 123
3553000 123
3554000 123
3555000 123
3556000 123
3557000 123
3558000 123
3559000 123
356000 123
3560000 123
3561000 123
3562000 123
3563000 123
3564000 123
3565000 123
3566000 123
3567000 123
3568000 123
3569000 123
357000 123
3570000 123
3571000 123
3572000 123
3573000 123
3574000 123
3575000 123
3576000 123
3577000 123
3578000 123
3579000 123
358000 123
3580000 123
3581000 123
3582000 123
3583000 123
3584000 123
3585000 123
3586000 123
3587000 123
3588000 123
3589000 123
359000 123
3590000 123
3591000 123
3592000 123
3593000 123
3594000 123
3595000 123
3596000 123
3597000 123
3598000 123
3599000 123
36000 123
360000 123
3600000 123
3601000 123
3602000 123
3603000 123
3604000 123
3605000 123
3606000 123
3607000 123
3608000 123
3609000 123
361000 123
3610000 123
3611000 123
3612000 123
3613000 123
3614000 123
3615000 123
3616000 123
3617000 123
3618000 123
3619000 123
362000 123
3620000 123
3621000 123
3622000 123
3623000 123
3624000 123
3625000 123
3626000 123
3627000 123
3628000 123
3629000 123
363000 123
3630000 123
3631000 123
3632000 123
3633000 123
3634000 123
3635000 123
3636000 123
3637000 123
3638000 123
3639000 123
364000 123
3640000 123
3641000 123
3642000 123
3643000 123
3644000 123
3645000 123
3646000 123
3647000 123
3648000 123
3649000 123
365000 123
3650000 123
3651000 123
3652000 123
3653000 123
3654000 123
3655000 123
3656000 123
3657000 123
3658000 123
3659000 123
366000 123
3660000 123
3661000 123
3662000 123
3663000 123
3664000 123
3665000 123
3666000 123
3667000 123
3668000 123
3669000 123
367000 123
3670000 123
3671000 123
3672000 123
3673000 123
3674000 123
3675000 123
3676000 123
3677000 123
3678000 123
3679000 123
368000 123
3680000 123
3681000 123
3682000 123
3683000 123
3684000 123
3685000 123
3686000 123
3687000 123
3688000 123
3689000 123
369000 123
3690000 123
3691000 123
3692000 123
3693000 123
3694000 123
3695000 123
3696000 123
3697000 123
3698000 123
3699000 123
37000 123
370000 123
3700000 123
3701000 123
3702000 123
3703000 123
3704000 123
3705000 123
3706000 123
3707000 123
3708000 123
3709000 123
371000 123
3710000 123
3711000 123
3712000 123
3713000 123
3714000 123
3715000 123
3716000 123
3717000 123
3718000 123
3719000 123
372000 123
3720000 123
3721000 123
3722000 123
3723000 123
3724000 123
3725000 123
3726000 123
3727000 123
3728000 123
3729000 123
373000 123
3730000 123
3731000 123
3732000 123
3733000 123
3734000 123
3735000 123
3736000 123
3737000 123
3738000 123
3739000 123
374000 123
3740000 123
3741000 123
3742000 123
3743000 123
3744000 123
3745000 123
3746000 123
3747000 123
3748000 123
3749000 123
375000 123
3750000 123
3751000 123
3752000 123
3753000 123
3754000 123
3755000 123
3756000 123
3757000 123
3758000 123
3759000 123
376000 123
3760000 123
3761000 123
3762000 123
3763000 123
3764000 123
3765000 123
3766000 123
3767000 123
3768000 123
3769000 123
377000 123
3770000 123
3771000 123
3772000 123
3773000 123
3774000 123
3775000 123
3776000 123
3777000 123
3778000 123
3779000 123
378000 123
3780000 123
3781000 123
3782000 123
3783000 123
3784000 123
3785000 123
3786000 123
3787000 123
3788000 123
3789000 123
379000 123
3790000 123
3791000 123
3792000 123
3793000 123
3794000 123
3795000 123
3796000 123
3797000 123
3798000 123
3799000 123
38000 123
380000 123
3800000 123
3801000 123
3802000 123
3803000 123
3804000 123
3805000 123
3806000 123
3807000 123
3808000 123
3809000 123
381000 123
3810000 123
3811000 123
3812000 123
3813000 123
3814000 123
3815000 123
3816000 123
3817000 123
3818000 123
3819000 123
382000 123
3820000 123
3821000 123
3822000 123
3823000 123
3824000 123
3825000 123
3826000 123
3827000 123
3828000 123
3829000 123
383000 123
3830000 123
3831000 123
3832000 123
3833000 123
3834000 123
3835000 123
3836000 123
3837000 123
3838000 123
3839000 123
384000 123
3840000 123
3841000 123
3842000 123
3843000 123
3844000 123
3845000 123
3846000 123
3847000 123
3848000 123
3849000 123
385000 123
3850000 123
3851000 123
3852000 123
3853000 123
3854000 123
3855000 123
3856000 123
3857000 123
3858000 123
3859000 123
386000 123
3860000 123
3861000 123
3862000 123
3863000 123
3864000 123
3865000 123
3866000 123
3867000 123
3868000 123
3869000 123
387000 123
3870000 123
3871000 123
3872000 123
3873000 123
3874000 123
3875000 123
3876000 123
3877000 123
3878000 123
3879000 123
388000 123
3880000 123
3881000 123
3882000 123
3883000 123
3884000 123
3885000 123
3886000 123
3887000 123
3888000 123
3889000 123
389000 123
3890000 123
3891000 123
3892000 123
3893000 123
3894000 123
3895000 123
3896000 123
3897000 123
3898000 123
3899000 123
39000 123
390000 123
3900000 123
3901000 123
3902000 123
3903000 123
3904000 123
3905000 123
3906000 123
3907000 123
3908000 123
3909000 123
391000 123
3910000 123
3911000 123
3912000 123
3913000 123
3914000 123
3915000 123
3916000 123
3917000 123
3918000 123
3919000 123
392000 123
3920000 123
3921000 123
3922000 123
3923000 123
3924000 123
3925000 123
3926000 123
3927000 123
3928000 123
3929000 123
393000 123
3930000 123
3931000 123
3932000 123
3933000 123
3934000 123
3935000 123
3936000 123
3937000 123
3938000 123
3939000 123
394000 123
3940000 123
3941000 123
3942000 123
3943000 123
3944000 123
3945000 123
3946000 123
3947000 123
3948000 123
3949000 123
395000 123
3950000 123
3951000 123
3952000 123
3953000 123
3954000 123
3955000 123
3956000 123
3957000 123
3958000 123
3959000 123
396000 123
3960000 123
3961000 123
3962000 123
3963000 123
3964000 123
3965000 123
3966000 123
3967000 123
3968000 123
3969000 123
397000 123
3970000 123
3971000 123
3972000 123
3973000 123
3974000 123
3975000 123
3976000 123
3977000 123
3978000 123
3979000 123
398000 123
3980000 123
3981000 123
3982000 123
3983000 123
3984000 123
3985000 123
3986000 123
3987000 123
3988000 123
3989000 123
399000 123
3990000 123
3991000 123
3992000 123
3993000 123
3994000 123
3995000 123
3996000 123
3997000 123
3998000 123
3999000 123
4000 123
40000 123
400000 123
401000 123
402000 123
403000 123
404000 123
405000 123
406000 123
407000 123
408000 123
409000 123
41000 123
410000 123
411000 123
412000 123
413000 123
414000 123
415000 123
416000 123
417000 123
418000 123
419000 123
42000 123
420000 123
421000 123
422000 123
423000 123
424000 123
425000 123
426000 123
427000 123
428000 123
429000 123
43000 123
430000 123
431000 123
432000 123
433000 123
434000 123
435000 123
436000 123
437000 123
438000 123
439000 123
44000 123
440000 123
441000 123
442000 123
443000 123
444000 123
445000 123
446000 123
447000 123
448000 123
449000 123
45000 123
450000 123
451000 123
452000 123
453000 123
454000 123
455000 123
456000 123
457000 123
458000 123
459000 123
46000 123
460000 123
461000 123
462000 123
463000 123
464000 123
465000 123
466000 123
467000 123
468000 123
469000 123
47000 123
470000 123
471000 123
472000 123
473000 123
474000 123
475000 123
476000 123
477000 123
478000 123
479000 123
48000 123
480000 123
481000 123
482000 123
483000 123
484000 123
485000 123
486000 123
487000 123
488000 123
489000 123
49000 123
490000 123
491000 123
492000 123
493000 123
494000 123
495000 123
496000 123
497000 123
498000 123
499000 123
5000 123
50000 123
500000 123
501000 123
502000 123
503000 123
504000 123
505000 123
506000 123
507000 123
508000 123
509000 123
51000 123
510000 123
511000 123
512000 123
513000 123
514000 123
515000 123
516000 123
517000 123
518000 123
519000 123
52000 123
520000 123
521000 123
522000 123
523000 123
524000 123
525000 123
526000 123
527000 123
528000 123
529000 123
53000 123
530000 123
531000 123
532000 123
533000 123
534000 123
535000 123
536000 123
537000 123
538000 123
539000 123
54000 123
540000 123
541000 123
542000 123
543000 123
544000 123
545000 123
546000 123
547000 123
548000 123
549000 123
55000 123
550000 123
551000 123
552000 123
553000 123
554000 123
555000 123
556000 123
557000 123
558000 123
559000 123
56000 123
560000 123
561000 123
562000 123
563000 123
564000 123
565000 123
566000 123
567000 123
568000 123
569000 123
57000 123
570000 123
571000 123
572000 123
573000 123
574000 123
575000 123
576000 123
577000 123
578000 123
579000 123
58000 123
580000 123
581000 123
582000 123
583000 123
584000 123
585000 123
586000 123
587000 123
588000 123
589000 123
59000 123
590000 123
591000 123
592000 123
593000 123
594000 123
595000 123
596000 123
597000 123
598000 123
599000 123
6000 123
60000 123
600000 123
601000 123
602000 123
603000 123
604000 123
605000 123
606000 123
607000 123
608000 123
609000 123
61000 123
610000 123
611000 123
612000 123
613000 123
614000 123
615000 123
616000 123
617000 123
618000 123
619000 123
62000 123
620000 123
621000 123
622000 123
623000 123
624000 123
625000 123
626000 123
627000 123
628000 123
629000 123
63000 123
630000 123
631000 123
632000 123
633000 123
634000 123
635000 123
636000 123
637000 123
638000 123
639000 123
64000 123
640000 123
641000 123
642000 123
643000 123
644000 123
645000 123
646000 123
647000 123
648000 123
649000 123
65000 123
650000 123
651000 123
652000 123
653000 123
654000 123
655000 123
656000 123
657000 123
658000 123
659000 123
66000 123
660000 123
661000 123
662000 123
663000 123
664000 123
665000 123
666000 123
667000 123
668000 123
669000 123
67000 123
670000 123
671000 123
672000 123
673000 123
674000 123
675000 123
676000 123
677000 123
678000 123
679000 123
68000 123
680000 123
681000 123
682000 123
683000 123
684000 123
685000 123
686000 123
687000 123
688000 123
689000 123
69000 123
690000 123
691000 123
692000 123
693000 123
694000 123
695000 123
696000 123
697000 123
698000 123
699000 123
7000 123
70000 123
700000 123
701000 123
702000 123
703000 123
704000 123
705000 123
706000 123
707000 123
708000 123
709000 123
71000 123
710000 123
711000 123
712000 123
713000 123
714000 123
715000 123
716000 123
717000 123
718000 123
719000 123
72000 123
720000 123
721000 123
722000 123
723000 123
724000 123
725000 123
726000 123
727000 123
728000 123
729000 123
73000 123
730000 123
731000 123
732000 123
733000 123
734000 123
735000 123
736000 123
737000 123
738000 123
739000 123
74000 123
740000 123
741000 123
742000 123
743000 123
744000 123
745000 123
746000 123
747000 123
748000 123
749000 123
75000 123
750000 123
751000 123
752000 123
753000 123
754000 123
755000 123
756000 123
757000 123
758000 123
759000 123
76000 123
760000 123
761000 123
762000 123
763000 123
764000 123
765000 123
766000 123
767000 123
768000 123
769000 123
77000 123
770000 123
771000 123
772000 123
773000 123
774000 123
775000 123
776000 123
777000 123
778000 123
779000 123
78000 123
780000 123
781000 123
782000 123
783000 123
784000 123
785000 123
786000 123
787000 123
788000 123
789000 123
79000 123
790000 123
791000 123
792000 123
793000 123
794000 123
795000 123
796000 123
797000 123
798000 123
799000 123
8000 123
80000 123
800000 123
801000 123
802000 123
803000 123
804000 123
805000 123
806000 123
807000 123
808000 123
809000 123
81000 123
810000 123
811000 123
812000 123
813000 123
814000 123
815000 123
816000 123
817000 123
818000 123
819000 123
82000 123
820000 123
821000 123
822000 123
823000 123
824000 123
825000 123
826000 123
827000 123
828000 123
829000 123
83000 123
830000 123
831000 123
832000 123
833000 123
834000 123
835000 123
836000 123
837000 123
838000 123
839000 123
84000 123
840000 123
841000 123
842000 123
843000 123
844000 123
845000 123
846000 123
847000 123
848000 123
849000 123
85000 123
850000 123
851000 123
852000 123
853000 123
854000 123
855000 123
856000 123
857000 123
858000 123
859000 123
86000 123
860000 123
861000 123
862000 123
863000 123
864000 123
865000 123
866000 123
867000 123
868000 123
869000 123
87000 123
870000 123
871000 123
872000 123
873000 123
874000 123
875000 123
876000 123
877000 123
878000 123
879000 123
88000 123
880000 123
881000 123
882000 123
883000 123
884000 123
885000 123
886000 123
887000 123
888000 123
889000 123
89000 123
890000 123
891000 123
892000 123
893000 123
894000 123
895000 123
896000 123
897000 123
898000 123
899000 123
9000 123
90000 123
900000 123
901000 123
902000 123
903000 123
904000 123
905000 123
906000 123
907000 123
908000 123
909000 123
91000 123
910000 123
911000 123
912000 123
913000 123
914000 123
915000 123
916000 123
917000 123
918000 123
919000 123
92000 123
920000 123
921000 123
922000 123
923000 123
924000 123
925000 123
926000 123
927000 123
928000 123
929000 123
93000 123
930000 123
931000 123
932000 123
933000 123
934000 123
935000 123
936000 123
937000 123
938000 123
939000 123
94000 123
940000 123
941000 123
942000 123
943000 123
944000 123
945000 123
946000 123
947000 123
948000 123
949000 123
95000 123
950000 123
951000 123
952000 123
953000 123
954000 123
955000 123
956000 123
957000 123
958000 123
959000 123
96000 123
960000 123
961000 123
962000 123
963000 123
964000 123
965000 123
966000 123
967000 123
968000 123
969000 123
97000 123
970000 123
971000 123
972000 123
973000 123
974000 123
975000 123
976000 123
977000 123
978000 123
979000 123
98000 123
980000 123
981000 123
982000 123
983000 123
984000 123
985000 123
986000 123
987000 123
988000 123
989000 123
99000 123
990000 123
991000 123
992000 123
993000 123
994000 123
995000 123
996000 123
997000 123
998000 123
999000 123
Mahmoud 123
